1,1,121.8,335.02,136.32,61.48000000000002,1,1,1.0
1,2,733.1,267.3,72.14999999999998,39.20999999999998,1,1,1.0
1,3,211.8,246.8,93.55000000000001,45.44999999999999,1,1,1.0
2,1,101.3,338.76,133.8,61.56999999999999,1,1,1.0
2,2,718.84,269.26,73.38999999999999,39.389999999999986,1,1,1.0
2,3,211.8,246.83,93.55000000000001,45.43999999999997,1,1,1.0
3,1,76.2,342.5,135.89,61.660000000000025,1,1,1.0
3,2,704.58,271.22,74.63999999999999,39.559999999999945,1,1,1.0
3,3,211.8,246.85,93.55000000000001,45.440000000000026,1,1,1.0
4,1,48.4,346.24,140.67,61.75,1,1,1.0
4,2,690.33,273.18,75.87,39.74000000000001,1,1,1.0
4,3,211.8,246.87,93.55000000000001,45.44999999999999,1,1,1.0
5,1,24.5,349.97,141.56,61.849999999999966,1,1,1.0
5,2,676.07,275.14,77.12,39.920000000000016,1,1,1.0
5,3,211.8,246.9,93.55000000000001,45.43999999999997,1,1,1.0
6,1,0.6,353.71,142.45000000000002,61.94,1,1,1.0
6,2,661.81,277.1,78.36000000000001,40.099999999999966,1,1,1.0
6,3,211.8,246.92,93.55000000000001,45.440000000000026,1,1,1.0
7,1,0.48,357.45,119.55,62.03000000000003,1,1,1.0
7,2,647.56,279.06,79.60000000000002,40.27999999999997,1,1,1.0
7,3,211.8,246.94,93.55000000000001,45.44999999999999,1,1,1.0
8,1,0.37,361.19,96.64999999999999,62.120000000000005,1,1,1.0
8,2,633.3,281.02,80.84000000000003,40.460000000000036,1,1,1.0
8,3,211.8,246.96,93.55000000000001,45.45000000000002,1,1,1.0
9,1,0.25,364.92,73.75,62.21999999999997,1,1,1.0
9,2,619.04,282.98,82.09000000000003,40.639999999999986,1,1,1.0
9,3,211.8,246.99,93.55000000000001,45.44,1,1,1.0
10,1,1.1,368.66,50.91,62.31,1,1,1.0
10,2,604.78,284.94,83.33000000000004,40.81999999999999,1,1,1.0
10,3,211.8,247.01,93.55000000000001,45.44999999999999,1,1,1.0
11,1,0.61,372.4,28.5,62.400000000000034,1,1,1.0
11,2,590.53,286.9,84.57000000000005,41.0,1,1,1.0
11,3,211.8,247.03,93.55000000000001,45.45000000000002,1,1,1.0
12,2,576.27,289.58,84.57000000000005,40.99000000000001,1,1,1.0
12,3,211.8,247.06,93.55000000000001,45.44,1,1,1.0
13,2,559.25,291.54,86.26999999999998,42.870000000000005,1,1,1.0
13,3,211.8,247.08,93.55000000000001,45.44999999999996,1,1,1.0
14,2,542.23,293.5,87.96000000000004,44.74000000000001,1,1,1.0
14,3,211.8,247.1,93.55000000000001,45.45000000000002,1,1,1.0
15,2,525.21,295.46,89.65999999999997,46.610000000000014,1,1,1.0
15,3,211.8,247.13,93.55000000000001,45.44,1,1,1.0
16,2,508.19,297.43,91.35999999999996,48.46999999999997,1,1,1.0
16,3,211.8,247.15,93.55000000000001,45.45000000000002,1,1,1.0
17,2,491.17,299.39,93.05000000000001,50.35000000000002,1,1,1.0
17,3,211.8,247.17,93.55000000000001,45.45000000000002,1,1,1.0
18,2,474.15,301.35,94.75,52.21999999999997,1,1,1.0
18,3,211.8,247.2,93.55000000000001,45.44,1,1,1.0
19,2,457.13,303.31,96.44000000000005,54.089999999999975,1,1,1.0
19,3,211.8,247.22,93.55000000000001,45.440000000000026,1,1,1.0
20,2,440.11,305.28,98.13999999999999,55.950000000000045,1,1,1.0
20,3,211.8,247.24,93.55000000000001,45.44999999999999,1,1,1.0
21,2,423.09,307.24,99.82999999999998,57.829999999999984,1,1,1.0
21,3,211.8,247.27,93.55000000000001,45.43999999999997,1,1,1.0
22,2,406.07,309.2,101.53000000000003,59.69999999999999,1,1,1.0
22,3,211.8,247.29,93.55000000000001,45.440000000000026,1,1,1.0
23,2,385.58,312.47,104.0,60.389999999999986,1,1,1.0
23,3,211.8,247.31,93.55000000000001,45.44999999999999,1,1,1.0
24,2,365.08,315.73,106.48000000000002,61.089999999999975,1,1,1.0
24,3,211.8,247.34,93.55000000000001,45.43999999999997,1,1,1.0
25,2,344.58,319.0,108.94999999999999,61.77999999999997,1,1,1.0
25,3,211.8,247.36,93.55000000000001,45.44,1,1,1.0
26,2,324.09,322.27,111.42000000000002,62.47000000000003,1,1,1.0
26,3,211.8,247.38,93.55000000000001,45.44999999999999,1,1,1.0
27,2,303.59,325.53,113.90000000000003,63.170000000000016,1,1,1.0
27,3,211.8,247.4,93.55000000000001,45.45000000000002,1,1,1.0
28,2,283.1,328.8,116.37,63.860000000000014,1,1,1.0
28,3,211.8,247.43,93.55000000000001,45.44,1,1,1.0
29,2,262.6,332.07,118.83999999999997,64.55000000000001,1,1,1.0
29,3,211.8,247.45,93.55000000000001,45.44999999999999,1,1,1.0
30,2,242.11,335.33,121.31,65.25,1,1,1.0
30,3,211.8,247.47,93.55000000000001,45.45000000000002,1,1,1.0
31,2,221.61,338.6,123.78999999999996,65.94,1,1,1.0
31,3,211.8,247.5,93.55000000000001,45.44,1,1,1.0
32,2,199.52,342.88,126.42999999999998,67.55000000000001,1,1,1.0
32,3,211.8,247.52,93.55000000000001,45.45000000000002,1,1,1.0
33,2,177.42,347.16,129.08,69.14999999999998,1,1,1.0
33,3,211.8,247.54,93.55000000000001,45.45000000000002,1,1,1.0
34,2,153.24,351.44,132.86,70.75999999999999,1,1,1.0
34,3,211.8,247.57,93.55000000000001,45.44,1,1,1.0
35,2,129.07,355.72,136.63,72.36999999999995,1,1,1.0
35,3,211.8,247.59,93.55000000000001,45.45000000000002,1,1,1.0
36,2,104.9,360.0,140.4,73.97000000000003,1,1,1.0
36,3,211.8,247.61,93.55000000000001,45.44999999999999,1,1,1.0
37,2,76.03,365.17,145.07,75.57999999999998,1,1,1.0
37,3,211.8,247.64,93.55000000000001,45.44,1,1,1.0
38,2,48.3,369.23,148.63,77.18,1,1,1.0
38,3,211.8,247.66,93.55000000000001,45.440000000000026,1,1,1.0
39,2,19.0,373.29,153.75,78.77999999999997,1,1,1.0
39,3,211.8,247.68,93.55000000000001,45.44999999999999,1,1,1.0
40,2,0.0,377.34,148.58,80.40000000000003,1,1,1.0
40,3,211.8,247.71,93.55000000000001,45.43999999999997,1,1,1.0
41,2,0.62,381.4,123.78999999999999,82.0,1,1,1.0
41,3,211.8,247.73,93.55000000000001,45.440000000000026,1,1,1.0
42,2,0.62,381.4,101.47999999999999,82.0,1,1,1.0
42,3,211.8,247.75,93.55000000000001,45.44999999999999,1,1,1.0
43,2,0.62,388.5,79.17999999999999,74.89999999999998,1,1,1.0
43,3,211.8,247.77,93.55000000000001,45.45000000000002,1,1,1.0
44,2,0.62,400.1,49.78,63.299999999999955,1,1,1.0
44,3,211.8,247.8,93.55000000000001,45.44,1,1,1.0
45,2,0.62,411.7,23.98,51.69999999999999,1,1,1.0
45,3,211.8,247.82,93.55000000000001,45.44999999999999,1,1,1.0
46,3,211.8,247.84,93.55000000000001,45.45000000000002,1,1,1.0
47,3,211.8,247.87,93.55000000000001,45.44,1,1,1.0
48,3,211.8,247.89,93.55000000000001,45.44999999999999,1,1,1.0
49,3,211.8,247.91,93.55000000000001,45.45000000000002,1,1,1.0
50,3,211.8,247.94,93.55000000000001,45.44,1,1,1.0
51,3,211.8,247.96,93.55000000000001,45.45000000000002,1,1,1.0
52,3,211.8,247.98,93.55000000000001,45.45000000000002,1,1,1.0
52,4,950.5,225.42,8.019999999999982,64.15,1,1,1.0
53,3,211.8,248.01,93.55000000000001,45.44,1,1,1.0
53,4,945.51,225.42,13.009999999999991,65.14000000000001,1,1,1.0
54,3,211.8,248.03,93.55000000000001,45.45000000000002,1,1,1.0
54,4,940.52,225.42,18.0,66.12000000000003,1,1,1.0
55,3,211.8,248.05,93.55000000000001,45.44999999999999,1,1,1.0
55,4,935.53,225.42,22.99000000000001,67.1,1,1,1.0
56,3,211.8,248.08,93.55000000000001,45.43999999999997,1,1,1.0
56,4,930.54,225.42,27.980000000000018,68.08000000000001,1,1,1.0
57,3,211.8,248.1,93.55000000000001,45.440000000000026,1,1,1.0
57,4,925.55,225.42,32.960000000000036,69.07000000000002,1,1,1.0
58,3,211.8,248.12,93.55000000000001,45.44999999999999,1,1,1.0
58,4,920.56,225.42,37.950000000000045,70.05000000000004,1,1,1.0
59,3,211.8,248.15,93.55000000000001,45.43999999999997,1,1,1.0
59,4,915.57,225.42,42.93999999999994,71.03,1,1,1.0
60,3,211.8,248.17,93.55000000000001,45.440000000000026,1,1,1.0
60,4,910.58,225.42,47.92999999999995,72.01000000000002,1,1,1.0
61,3,211.8,248.19,93.55000000000001,45.44999999999999,1,1,1.0
61,4,905.59,225.42,52.91999999999996,73.00000000000003,1,1,1.0
62,3,211.8,248.21,93.55000000000001,45.45000000000002,1,1,1.0
62,4,900.6,225.42,57.90999999999997,73.97999999999999,1,1,1.0
63,3,211.8,248.24,93.55000000000001,45.44,1,1,1.0
63,4,894.18,225.68,64.42000000000007,75.14999999999998,1,1,1.0
64,3,211.8,248.26,93.55000000000001,45.44999999999999,1,1,1.0
64,4,887.77,225.95,70.92000000000007,76.31,1,1,1.0
65,3,211.8,248.28,93.55000000000001,45.45000000000002,1,1,1.0
65,4,881.35,226.22,77.42999999999995,77.47,1,1,1.0
66,3,211.8,248.31,93.55000000000001,45.44,1,1,1.0
66,4,874.94,226.49,83.92999999999995,78.63,1,1,1.0
67,3,211.8,248.33,93.55000000000001,45.44999999999996,1,1,1.0
67,4,868.52,226.76,90.44000000000005,79.79000000000002,1,1,1.0
68,3,211.8,248.35,93.55000000000001,45.45000000000002,1,1,1.0
68,4,862.1,227.03,96.94999999999993,80.95000000000002,1,1,1.0
69,3,211.8,248.38,93.55000000000001,45.44,1,1,1.0
69,4,855.69,227.29,103.43999999999994,82.12000000000003,1,1,1.0
70,3,211.8,248.4,93.55000000000001,45.45000000000002,1,1,1.0
70,4,849.27,227.56,109.95000000000005,83.27999999999997,1,1,1.0
71,3,211.8,248.42,93.55000000000001,45.45000000000002,1,1,1.0
71,4,842.86,227.83,116.44999999999993,84.43999999999997,1,1,1.0
72,3,211.8,248.45,93.55000000000001,45.44,1,1,1.0
72,4,836.44,228.1,122.95999999999992,85.6,1,1,1.0
73,3,211.8,248.47,93.55000000000001,45.440000000000026,1,1,1.0
73,4,829.71,228.99,128.26999999999998,86.84999999999997,1,1,1.0
74,3,211.8,248.49,93.55000000000001,45.44999999999999,1,1,1.0
74,4,822.97,229.88,133.58999999999992,88.10000000000002,1,1,1.0
75,3,211.8,248.52,93.55000000000001,45.43999999999997,1,1,1.0
75,4,816.24,230.77,138.89999999999998,89.35,1,1,1.0
76,3,211.8,248.54,93.55000000000001,45.440000000000026,1,1,1.0
76,4,809.5,231.66,144.22000000000003,90.6,1,1,1.0
76,5,800.79,256.6,13.370000000000005,26.739999999999952,1,1,0.0
77,3,211.8,248.56,93.55000000000001,45.44999999999999,1,1,1.0
77,4,805.4,232.54,146.89999999999998,91.85999999999999,1,1,1.0
77,5,789.2,256.6,24.959999999999923,26.739999999999952,1,1,0.0
78,3,211.8,248.58,93.55000000000001,45.44999999999996,1,1,1.0
78,4,795.93,233.43,154.95000000000005,93.11000000000001,1,1,1.0
78,5,778.95,257.31,27.549999999999955,27.100000000000023,1,1,0.0
79,3,211.8,248.61,93.55000000000001,45.44,1,1,1.0
79,4,786.45,234.32,163.01,94.36000000000001,1,1,1.0
79,5,768.71,258.02,30.139999999999986,27.460000000000036,1,1,0.0
79,6,948.71,236.11,11.289999999999964,30.30000000000001,1,1,0.0
80,3,211.8,248.63,93.55000000000001,45.44999999999999,1,1,1.0
80,4,776.98,235.21,171.05999999999995,95.60999999999999,1,1,1.0
80,5,758.46,258.73,32.73000000000002,27.810000000000002,1,1,0.0
80,6,939.81,236.73,14.580000000000041,30.299999999999983,1,1,0.0
81,3,211.8,248.65,93.55000000000001,45.45000000000002,1,1,1.0
81,4,767.5,236.1,179.12,96.85999999999999,1,1,1.0
81,5,748.21,259.44,35.32999999999993,28.170000000000016,1,1,0.0
81,6,930.9,237.36,17.879999999999995,30.289999999999964,1,1,0.0
82,3,211.8,248.68,93.55000000000001,45.44,1,1,1.0
82,4,758.03,236.99,187.17000000000007,98.11000000000001,1,1,1.0
82,5,737.96,260.15,37.91999999999996,28.53000000000003,1,1,0.0
82,6,921.99,237.98,21.17999999999995,30.299999999999983,1,1,0.0
83,3,211.8,248.7,93.55000000000001,45.44999999999999,1,1,1.0
83,4,750.9,236.94,187.17000000000007,100.57,1,1,1.0
83,5,727.72,260.86,40.5,28.889999999999986,1,1,0.0
83,6,913.08,238.6,24.479999999999905,30.299999999999983,1,1,0.0
84,3,211.8,248.72,93.55000000000001,45.45000000000002,1,1,1.0
84,4,743.77,236.89,187.17000000000007,103.02000000000004,1,1,1.0
84,5,717.47,261.57,43.10000000000002,29.25,1,1,0.0
84,6,904.18,239.23,27.770000000000095,30.299999999999983,1,1,0.0
85,3,211.8,248.75,93.55000000000001,45.44,1,1,1.0
85,4,736.64,236.85,187.16999999999996,105.47,1,1,1.0
85,5,707.22,262.28,45.68999999999994,29.610000000000014,1,1,0.0
85,6,895.27,239.85,31.07000000000005,30.299999999999983,1,1,0.0
86,3,211.8,248.77,93.55000000000001,45.45000000000002,1,1,1.0
86,4,729.51,236.8,187.16999999999996,107.92000000000002,1,1,1.0
86,5,696.97,262.99,48.289999999999964,29.96999999999997,1,1,0.0
86,6,886.36,240.48,34.370000000000005,30.289999999999992,1,1,0.0
87,3,211.8,248.79,93.55000000000001,45.45000000000002,1,1,1.0
87,4,717.18,240.84,187.18000000000006,106.28999999999999,1,1,1.0
87,5,686.73,263.7,50.870000000000005,30.329999999999984,1,1,0.0
87,6,877.46,241.1,37.65999999999997,30.299999999999983,1,1,0.0
88,3,211.8,248.82,93.55000000000001,45.44,1,1,1.0
88,4,704.86,244.88,187.16999999999996,104.66000000000003,1,1,1.0
88,5,677.37,264.15,50.870000000000005,30.33000000000004,1,1,0.0
88,6,868.55,241.72,40.960000000000036,30.299999999999983,1,1,0.0
89,3,211.8,248.84,93.55000000000001,45.45000000000002,1,1,1.0
89,4,692.53,248.92,187.17000000000007,103.02000000000001,1,1,1.0
89,5,668.01,264.59,50.879999999999995,30.33000000000004,1,1,0.0
89,6,859.64,242.35,44.25999999999999,30.289999999999992,1,1,0.0
90,3,211.8,248.86,93.55000000000001,45.44999999999999,1,1,1.0
90,4,680.2,252.97,187.17999999999995,101.38000000000002,1,1,1.0
90,5,655.18,265.03,54.8900000000001,30.78000000000003,1,1,0.0
90,6,850.37,242.88,45.60000000000002,30.30000000000001,1,1,0.0
91,3,211.8,248.89,93.55000000000001,45.44,1,1,1.0
91,4,667.88,257.01,187.16999999999996,99.74000000000001,1,1,1.0
91,5,642.35,265.47,58.89999999999998,31.22999999999996,1,1,0.0
91,6,841.11,243.42,46.92999999999995,30.289999999999992,1,1,0.0
92,3,211.8,248.91,93.55000000000001,45.440000000000026,1,1,1.0
92,4,655.55,261.05,187.18000000000006,98.11000000000001,1,1,1.0
92,5,629.52,265.91,62.90999999999997,31.67999999999995,1,1,0.0
92,6,831.84,243.95,48.26999999999998,30.30000000000001,1,1,0.0
93,3,211.8,248.93,93.55000000000001,45.44999999999999,1,1,1.0
93,4,644.99,259.53,194.66999999999996,102.43,1,1,1.0
93,5,616.69,266.35,66.91999999999996,32.129999999999995,1,1,0.0
93,6,822.57,244.48,49.6099999999999,30.299999999999983,1,1,0.0
94,3,211.8,248.96,93.55000000000001,45.43999999999997,1,1,1.0
94,4,634.42,258.01,202.18000000000006,106.75,1,1,1.0
94,5,603.85,266.8,70.93999999999994,32.579999999999984,1,1,0.0
94,6,813.31,245.02,50.940000000000055,30.299999999999983,1,1,0.0
95,3,211.8,248.98,93.55000000000001,45.440000000000026,1,1,1.0
95,4,623.85,256.49,209.68999999999994,111.07,1,1,1.0
95,5,591.02,267.24,74.95000000000005,33.02999999999997,1,1,0.0
95,6,804.04,245.55,52.280000000000086,30.30000000000001,1,1,0.0
96,3,211.8,249.0,93.55000000000001,45.44999999999999,1,1,1.0
96,4,613.29,254.96,217.19000000000005,115.4,1,1,1.0
96,5,578.19,267.68,78.96999999999991,33.48000000000002,1,1,0.0
96,6,794.77,246.09,53.620000000000005,30.299999999999983,1,1,0.0
97,3,211.8,249.02,93.55000000000001,45.45000000000002,1,1,1.0
97,4,602.72,253.44,224.69999999999993,119.72000000000003,1,1,1.0
97,5,565.36,268.12,82.98000000000002,33.93000000000001,1,1,0.0
97,6,785.5,246.62,54.960000000000036,30.30000000000001,1,1,0.0
98,3,211.8,249.05,93.55000000000001,45.44,1,1,1.0
98,4,592.16,251.92,232.20000000000005,124.03999999999999,1,1,1.0
98,5,552.53,268.56,86.99000000000001,34.379999999999995,1,1,0.0
98,6,776.24,247.16,56.289999999999964,30.289999999999992,1,1,0.0
99,3,211.8,249.07,93.55000000000001,45.44999999999999,1,1,1.0
99,4,581.59,250.4,239.70999999999992,128.35999999999999,1,1,1.0
99,5,539.7,269.0,91.0,34.829999999999984,1,1,0.0
99,6,766.97,247.69,57.629999999999995,30.30000000000001,1,1,0.0
100,3,211.8,249.09,93.55000000000001,45.45000000000002,1,1,1.0
100,4,581.59,250.4,230.80999999999995,128.35999999999999,1,1,1.0
100,5,526.3,269.0,104.40000000000009,34.829999999999984,1,1,0.0
100,6,754.5,247.7,61.200000000000045,30.29000000000002,1,1,0.0
101,3,211.8,249.12,93.55000000000001,45.44,1,1,1.0
101,4,556.64,259.31,246.86,128.37,1,1,1.0
101,5,512.9,269.0,98.20000000000005,34.829999999999984,1,1,0.0
101,6,742.9,247.7,60.39999999999998,30.29000000000002,1,1,0.0
102,3,211.8,249.14,93.55000000000001,45.44999999999999,1,1,1.0
102,4,547.7,259.31,247.79999999999995,132.79000000000002,1,1,1.0
102,5,500.42,269.89,98.19999999999999,34.83000000000004,1,1,0.0
102,6,735.8,247.7,63.0,30.29000000000002,1,1,0.0
103,3,211.8,249.16,93.55000000000001,45.45000000000002,1,1,1.0
103,4,537.9,260.2,247.80000000000007,132.79000000000002,1,1,1.0
103,5,486.17,269.89,98.19999999999999,34.83000000000004,1,1,0.0
103,6,723.32,248.59,63.0,30.289999999999992,1,1,0.0
104,3,211.8,249.19,93.55000000000001,45.44,1,1,1.0
104,4,518.3,261.98,259.38,132.78999999999996,1,1,1.0
104,5,470.13,272.56,98.20000000000005,34.839999999999975,1,1,0.0
104,6,712.63,250.37,63.0,30.29000000000002,1,1,0.0
105,3,211.8,249.21,93.55000000000001,45.45000000000002,1,1,1.0
105,4,508.5,262.88,259.38,132.78000000000003,1,1,1.0
105,5,459.43,272.56,98.19999999999999,34.839999999999975,1,1,0.0
105,6,700.16,250.37,63.0,30.29000000000002,1,1,0.0
105,7,951.39,227.2,8.019999999999982,40.10000000000002,1,1,1.0
106,3,211.8,249.23,93.55000000000001,45.45000000000002,1,1,1.0
106,4,486.22,268.22,275.38,138.97999999999996,1,1,1.0
106,5,446.96,272.56,93.74000000000007,34.839999999999975,1,1,0.0
106,6,685.9,250.37,70.10000000000002,30.29000000000002,1,1,0.0
106,7,945.13,212.9,14.31000000000006,54.400000000000006,1,1,1.0
107,3,211.8,249.26,93.55000000000001,45.44,1,1,1.0
107,4,477.3,268.22,274.49999999999994,138.97999999999996,1,1,1.0
107,5,431.81,272.56,93.73999999999995,34.839999999999975,1,1,0.0
107,6,672.53,250.37,70.10000000000002,30.29000000000002,1,1,0.0
107,7,941.12,212.89,18.32000000000005,54.400000000000034,1,1,1.0
108,3,211.8,249.28,93.55000000000001,45.440000000000026,1,1,1.0
108,4,459.5,268.22,282.5,141.67999999999995,1,1,1.0
108,5,418.44,273.46,93.73999999999995,34.83000000000004,1,1,0.0
108,6,665.41,252.18,70.10000000000002,30.269999999999982,1,1,0.0
108,7,937.1,212.88,22.340000000000032,54.39999999999998,1,1,1.0
109,3,211.8,249.3,93.55000000000001,45.44999999999999,1,1,1.0
109,4,446.13,273.57,282.5,141.68,1,1,1.0
109,5,404.19,276.13,100.91000000000003,34.829999999999984,1,1,0.0
109,6,646.69,253.96,74.50999999999999,30.27000000000001,1,1,0.0
109,7,932.6,212.87,26.840000000000032,54.389999999999986,1,1,1.0
110,3,211.8,249.33,93.55000000000001,45.43999999999997,1,1,1.0
110,4,427.4,271.79,292.32000000000005,150.60999999999996,1,1,1.0
110,5,389.04,276.13,100.90999999999997,34.829999999999984,1,1,0.0
110,6,624.4,253.96,87.0,30.27000000000001,1,1,0.0
110,7,926.4,212.85,33.04000000000008,54.400000000000006,1,1,1.0
111,3,211.8,249.35,93.55000000000001,45.440000000000026,1,1,1.0
111,4,413.1,271.79,300.4,150.60999999999996,1,1,1.0
111,5,374.78,277.02,100.91000000000003,34.83000000000004,1,1,0.0
111,6,613.71,254.86,87.0,30.25999999999999,1,1,0.0
111,7,921.9,212.84,37.54000000000008,54.400000000000006,1,1,1.0
112,3,211.8,249.37,93.55000000000001,45.44999999999999,1,1,1.0
112,4,398.84,275.35,300.40000000000003,150.60999999999996,1,1,1.0
112,5,361.41,277.91,100.91999999999996,34.829999999999984,1,1,0.0
112,6,602.12,254.86,87.0,30.25999999999999,1,1,0.0
112,7,917.5,212.83,41.940000000000055,54.390000000000015,1,1,1.0
113,3,211.8,249.4,93.55000000000001,45.43999999999997,1,1,1.0
113,4,375.7,276.24,310.18,162.15999999999997,1,1,1.0
113,5,345.37,278.8,104.52999999999997,34.829999999999984,1,1,1.0
113,6,586.97,254.86,87.0,30.25999999999999,1,1,0.0
113,7,911.29,212.81,48.139999999999986,58.79000000000002,1,1,1.0
114,3,211.8,249.42,93.55000000000001,45.440000000000026,1,1,1.0
114,4,354.94,278.38,319.71,165.37,1,1,1.0
114,5,329.51,279.78,105.87,35.63000000000005,1,1,1.0
114,6,571.92,255.57,89.31000000000006,31.420000000000016,1,1,0.0
114,7,906.3,213.53,51.430000000000064,58.78999999999999,1,1,1.0
115,3,211.8,249.44,93.55000000000001,45.44999999999999,1,1,1.0
115,4,334.18,280.51,329.23999999999995,168.59000000000003,1,1,1.0
115,5,313.65,280.76,107.21000000000004,36.44,1,1,1.0
115,6,556.86,256.28,91.62,32.58000000000004,1,1,0.0
115,7,901.31,214.25,54.73000000000002,58.79000000000002,1,1,1.0
116,3,211.8,249.46,93.55000000000001,45.45000000000002,1,1,1.0
116,4,313.41,282.65,338.78000000000003,171.8,1,1,1.0
116,5,297.79,281.74,108.54999999999995,37.24000000000001,1,1,1.0
116,6,541.8,257.0,93.93000000000006,33.73000000000002,1,1,0.0
116,7,896.32,214.98,58.02999999999997,58.78,1,1,1.0
117,3,211.8,249.49,93.55000000000001,45.44,1,1,1.0
117,4,292.65,284.78,348.32000000000005,175.02000000000004,1,1,1.0
117,5,281.93,282.72,109.88999999999999,38.039999999999964,1,1,1.0
117,6,526.74,257.71,96.24000000000001,34.89000000000004,1,1,0.0
117,7,891.33,215.7,61.32999999999993,58.79000000000002,1,1,1.0
118,3,211.8,249.51,93.55000000000001,45.44999999999999,1,1,1.0
118,4,271.89,286.92,357.85,178.22999999999996,1,1,1.0
118,5,266.07,283.7,111.23000000000002,38.84000000000003,1,1,1.0
118,6,511.68,258.43,98.56,36.04000000000002,1,1,0.0
118,7,886.34,216.42,64.62,58.78999999999999,1,1,1.0
119,3,211.8,249.53,93.55000000000001,45.45000000000002,1,1,1.0
119,4,251.13,289.06,367.38,181.44,1,1,1.0
119,5,250.2,284.68,112.57999999999998,39.639999999999986,1,1,1.0
119,6,496.62,259.14,100.87,37.210000000000036,1,1,0.0
119,7,881.35,217.14,67.91999999999996,58.79000000000002,1,1,1.0
120,3,211.8,249.56,93.55000000000001,45.44,1,1,1.0
120,4,230.36,291.19,376.91999999999996,184.66000000000003,1,1,1.0
120,5,234.34,285.66,113.91999999999999,40.44999999999999,1,1,1.0
120,6,481.56,259.86,103.18,38.360000000000014,1,1,0.0
120,7,876.36,217.86,71.22000000000003,58.789999999999964,1,1,1.0
121,3,211.8,249.58,93.55000000000001,45.44999999999996,1,1,1.0
121,4,209.6,293.33,386.4599999999999,187.87,1,1,1.0
121,5,218.48,286.64,115.26000000000002,41.25,1,1,1.0
121,6,466.5,260.57,105.49000000000001,39.51999999999998,1,1,0.0
121,7,871.37,218.58,74.51999999999998,58.78999999999999,1,1,1.0
122,3,211.8,249.6,93.55000000000001,45.45000000000002,1,1,1.0
122,4,188.84,295.46,395.99,191.09000000000003,1,1,1.0
122,5,202.62,287.62,116.60000000000002,42.05000000000001,1,1,1.0
122,6,451.44,261.29,107.81,40.66999999999996,1,1,0.0
122,7,866.38,219.3,77.81000000000006,58.789999999999964,1,1,1.0
123,3,211.8,249.63,93.55000000000001,45.44,1,1,1.0
123,4,168.08,297.6,405.52,194.29999999999995,1,1,1.0
123,5,186.76,288.6,117.94,42.849999999999966,1,1,1.0
123,6,436.38,262.0,110.12,41.829999999999984,1,1,0.0
123,7,861.39,220.03,81.11000000000001,58.78,1,1,1.0
124,3,211.8,249.65,93.55000000000001,45.45000000000002,1,1,1.0
124,4,151.15,301.16,405.52,194.29999999999995,1,1,1.0
124,5,169.83,290.38,117.93999999999997,42.860000000000014,1,1,1.0
124,6,422.12,265.56,110.12,41.839999999999975,1,1,0.0
124,7,857.8,220.0,79.40000000000009,58.79000000000002,1,1,1.0
125,3,211.8,249.67,93.55000000000001,45.45000000000002,1,1,1.0
125,4,121.7,301.2,426.06,204.10000000000002,1,1,1.0
125,5,153.79,291.27,117.94000000000003,42.860000000000014,1,1,1.0
125,6,409.65,265.56,110.12,41.839999999999975,1,1,0.0
125,7,852.45,220.0,79.39999999999998,58.79000000000002,1,1,1.0
126,3,211.8,249.7,93.55000000000001,45.44,1,1,1.0
126,4,100.31,302.98,426.06,204.09999999999997,1,1,1.0
126,5,134.2,291.27,123.27000000000004,42.860000000000014,1,1,1.0
126,6,391.83,267.35,110.12,41.829999999999984,1,1,0.0
126,7,848.0,220.0,79.39999999999998,58.79000000000002,1,1,1.0
127,3,211.8,249.72,93.55000000000001,45.440000000000026,1,1,1.0
127,4,69.1,304.76,444.79999999999995,219.24,1,1,1.0
127,5,117.27,292.16,123.27,42.85999999999996,1,1,1.0
127,6,382.02,267.35,110.12,41.829999999999984,1,1,0.0
127,7,842.65,220.0,79.39999999999998,58.79000000000002,1,1,1.0
128,3,211.8,249.74,93.55000000000001,45.44999999999999,1,1,1.0
128,4,37.0,307.44,464.42,219.22999999999996,1,1,1.0
128,5,99.45,294.84,123.27,42.85000000000002,1,1,1.0
128,6,367.77,267.35,110.12,41.829999999999984,1,1,0.0
128,7,836.41,220.0,79.39999999999998,58.79000000000002,1,1,1.0
129,3,211.8,249.77,93.55000000000001,45.43999999999997,1,1,1.0
129,4,9.4,310.11,478.70000000000005,219.24,1,1,1.0
129,5,82.52,297.51,123.27,42.85000000000002,1,1,1.0
129,6,349.95,270.02,110.11000000000001,41.83000000000004,1,1,0.0
129,7,829.29,220.0,79.40000000000009,58.79000000000002,1,1,1.0
130,3,211.8,249.79,93.55000000000001,45.440000000000026,1,1,1.0
130,4,0.0,313.67,478.3,219.23999999999995,1,1,1.0
130,5,62.02,299.29,123.26999999999998,42.85999999999996,1,1,1.0
130,6,333.0,270.91,113.69999999999999,46.289999999999964,1,1,1.0
130,7,823.05,220.0,79.40000000000009,58.79000000000002,1,1,1.0
131,3,211.8,249.81,93.55000000000001,45.44999999999999,1,1,1.0
131,4,0.0,317.2,455.1,215.70999999999998,1,1,1.0
131,5,41.5,300.18,127.75999999999999,42.860000000000014,1,1,1.0
131,6,319.63,271.8,113.69999999999999,46.289999999999964,1,1,1.0
131,7,815.9,220.02,83.88,65.87999999999997,1,1,1.0
132,3,211.8,249.83,93.55000000000001,45.44999999999996,1,1,1.0
132,4,0.0,317.2,440.0,215.70999999999998,1,1,1.0
132,5,23.68,301.08,127.75,42.85000000000002,1,1,1.0
132,6,302.7,271.8,118.19999999999999,46.289999999999964,1,1,1.0
132,7,808.77,220.02,83.88,65.87999999999997,1,1,1.0
133,3,211.8,249.86,93.55000000000001,45.44,1,1,1.0
133,4,0.0,317.2,424.0,221.09999999999997,1,1,1.0
133,5,4.97,302.86,127.75,42.849999999999966,1,1,1.0
133,6,287.55,272.69,118.19999999999999,46.29000000000002,1,1,1.0
133,7,803.42,220.02,83.88999999999999,65.87999999999997,1,1,1.0
134,3,211.8,249.88,93.55000000000001,45.44999999999999,1,1,1.0
134,4,0.0,317.2,404.4,221.09999999999997,1,1,1.0
134,5,1.4,302.86,117.1,42.849999999999966,1,1,1.0
134,6,271.52,273.58,118.19,46.29000000000002,1,1,1.0
134,7,796.3,220.91,83.88,65.88000000000002,1,1,1.0
135,3,211.8,249.9,93.55000000000001,45.45000000000002,1,1,1.0
135,4,0.0,329.7,388.4,210.3,1,1,1.0
135,5,1.4,302.86,101.0,52.639999999999986,1,1,1.0
135,6,252.8,276.26,128.89999999999998,46.29000000000002,1,1,1.0
135,7,788.28,220.92,89.22000000000003,65.89000000000001,1,1,1.0
135,8,688.52,520.4,103.36000000000001,17.790000000000077,1,1,1.0
136,3,211.8,249.93,93.55000000000001,45.44,1,1,1.0
136,4,0.0,329.7,367.0,210.3,1,1,1.0
136,5,1.4,307.3,83.19999999999999,48.19999999999999,1,1,1.0
136,6,234.98,279.82,128.9,46.29000000000002,1,1,1.0
136,7,782.04,220.92,89.22000000000003,65.89000000000001,1,1,1.0
136,8,698.3,514.2,112.30000000000007,23.99000000000001,1,1,1.0
137,3,211.8,249.95,93.55000000000001,45.44999999999999,1,1,0.0
137,4,0.0,334.2,351.9,205.8,1,1,1.0
137,5,1.4,307.3,61.800000000000004,48.19999999999999,1,1,1.0
137,6,221.61,279.82,128.89999999999998,46.29000000000002,1,1,1.0
137,7,774.91,220.92,89.22000000000003,65.89000000000001,1,1,1.0
137,8,700.1,507.1,138.10000000000002,31.090000000000032,1,1,1.0
138,3,211.8,249.97,93.55000000000001,45.45000000000002,1,1,0.0
138,4,0.0,338.7,329.6,201.3,1,1,1.0
138,5,1.4,307.3,44.9,48.19999999999999,1,1,1.0
138,6,205.57,280.71,128.90000000000003,46.29000000000002,1,1,1.0
138,7,767.78,221.81,89.22000000000003,65.88999999999999,1,1,1.0
138,8,708.6,500.85,139.39999999999998,38.24000000000001,1,1,1.0
139,3,211.8,250.0,93.55000000000001,45.44,1,1,0.0
139,4,0.0,344.9,310.0,195.10000000000002,1,1,1.0
139,5,1.4,307.3,28.0,48.19999999999999,1,1,1.0
139,6,187.75,281.6,128.89999999999998,46.289999999999964,1,1,1.0
139,7,762.43,222.71,89.23000000000002,65.87999999999997,1,1,1.0
139,8,717.9,494.6,139.89999999999998,45.39999999999998,1,1,1.0
140,3,211.8,250.02,93.55000000000001,45.45000000000002,1,1,0.0
140,4,0.0,344.9,293.1,195.10000000000002,1,1,1.0
140,5,1.4,322.4,6.6,33.10000000000002,1,1,1.0
140,6,171.71,281.6,128.9,46.289999999999964,1,1,1.0
140,7,753.52,222.71,92.77999999999997,65.89000000000001,1,1,1.0
140,8,721.5,494.6,136.29999999999995,45.39999999999998,1,1,1.0
141,3,211.8,250.04,93.55000000000001,45.45000000000002,1,1,0.0
141,4,0.89,345.79,269.91,194.20999999999998,1,1,1.0
141,6,153.89,285.17,128.90000000000003,46.27999999999997,1,1,1.0
141,7,743.7,223.6,96.3599999999999,65.88000000000002,1,1,1.0
141,8,730.4,487.5,142.5,52.5,1,1,1.0
142,3,211.8,250.07,93.55000000000001,45.44,1,1,0.0
142,4,0.8,352.38,247.67999999999998,187.62,1,1,1.0
142,6,135.83,286.15,130.83,47.44,1,1,1.0
142,7,735.06,224.14,97.97000000000003,66.23000000000002,1,1,1.0
142,8,740.02,482.51,139.92000000000007,57.49000000000001,1,1,1.0
143,3,211.8,250.09,93.55000000000001,45.43999999999997,1,1,0.0
143,4,0.71,358.97,225.44,181.02999999999997,1,1,1.0
143,6,117.76,287.13,132.76999999999998,48.59000000000003,1,1,1.0
143,7,726.42,224.68,99.57000000000005,66.58999999999997,1,1,1.0
143,8,749.64,477.52,137.34000000000003,62.48000000000002,1,1,1.0
144,3,211.8,250.11,93.55000000000001,45.44999999999999,1,1,0.0
144,4,0.62,365.56,203.21,174.44,1,1,1.0
144,6,99.7,288.11,134.7,49.75,1,1,1.0
144,7,717.78,225.21,101.18000000000006,66.95000000000002,1,1,1.0
144,8,759.26,472.53,134.76,67.47000000000003,1,1,1.0
145,3,211.8,250.14,93.55000000000001,45.44,1,1,1.0
145,4,0.54,372.16,180.96,167.83999999999997,1,1,1.0
145,6,83.65,289.09,134.62,50.900000000000034,1,1,1.0
145,7,709.14,225.75,102.77999999999997,67.30000000000001,1,1,1.0
145,8,768.88,467.54,132.17999999999995,72.45999999999998,1,1,1.0
146,3,211.8,250.16,93.55000000000001,45.440000000000026,1,1,1.0
146,4,0.45,378.75,153.9,161.25,1,1,1.0
146,6,67.6,290.07,134.54,52.06,1,1,1.0
146,7,700.5,226.29,104.38999999999999,67.66,1,1,1.0
146,8,778.5,462.55,129.60000000000002,77.44999999999999,1,1,1.0
147,3,211.8,250.18,93.55000000000001,45.44999999999999,1,1,1.0
147,4,0.36,385.34,126.84,154.66000000000003,1,1,1.0
147,6,48.7,291.05,137.31,53.20999999999998,1,1,1.0
147,7,691.86,226.83,105.99000000000001,68.00999999999996,1,1,1.0
147,8,788.12,457.56,127.01999999999998,82.44,1,1,1.0
148,3,211.8,250.21,93.55000000000001,45.43999999999997,1,1,1.0
148,4,0.27,391.93,99.78,148.07,1,1,1.0
148,6,32.1,292.03,137.79,54.370000000000005,1,1,1.0
148,7,683.22,227.37,107.58999999999992,68.36000000000001,1,1,1.0
148,8,799.51,452.57,122.66999999999996,82.53000000000003,1,1,1.0
149,3,211.8,250.23,93.55000000000001,45.440000000000026,1,1,1.0
149,4,0.18,398.52,72.72,141.48000000000002,1,1,1.0
149,6,14.3,293.01,139.45999999999998,55.51999999999998,1,1,1.0
149,7,674.58,227.91,109.19999999999993,68.72,1,1,1.0
149,8,810.91,447.58,118.31000000000006,82.62000000000006,1,1,1.0
150,3,211.8,250.25,93.55000000000001,45.44999999999999,1,1,1.0
150,4,0.09,405.11,45.66,134.89,1,1,1.0
150,6,0.9,293.99,136.73,56.68000000000001,1,1,1.0
150,7,665.94,228.45,110.79999999999995,69.07,1,1,1.0
150,8,822.3,442.59,113.96000000000004,82.70999999999998,1,1,1.0
151,3,211.8,250.27,93.55000000000001,45.45000000000002,1,1,1.0
151,4,0.0,411.7,18.6,128.3,1,1,1.0
151,6,0.0,294.97,121.5,57.829999999999984,1,1,1.0
151,7,657.3,228.99,112.41000000000008,69.42000000000002,1,1,1.0
151,8,830.2,437.6,113.09999999999991,82.79999999999995,1,1,1.0
152,3,211.8,250.3,93.55000000000001,45.44,1,1,1.0
152,6,0.0,294.97,104.6,57.829999999999984,1,1,1.0
152,7,650.2,228.94,109.69999999999993,69.43,1,1,1.0
152,8,840.0,429.6,111.29999999999995,90.79999999999995,1,1,1.0
153,3,211.8,250.32,93.55000000000001,45.44999999999999,1,1,1.0
153,6,0.0,294.97,82.3,57.829999999999984,1,1,1.0
153,7,642.18,229.83,109.70000000000005,69.42999999999998,1,1,1.0
153,8,848.0,429.6,103.29999999999995,86.34000000000003,1,1,1.0
154,3,211.8,250.34,93.55000000000001,45.45000000000002,1,1,1.0
154,6,0.0,294.97,68.0,57.829999999999984,1,1,1.0
154,7,633.27,230.73,109.70000000000005,69.41999999999999,1,1,1.0
154,8,854.24,424.25,103.29999999999995,86.35000000000002,1,1,1.0
155,3,211.8,250.37,93.55000000000001,45.44,1,1,1.0
155,6,0.0,294.97,48.4,57.829999999999984,1,1,1.0
155,7,623.47,232.51,109.69999999999993,69.42000000000002,1,1,1.0
155,8,863.1,424.25,94.43999999999994,75.64999999999998,1,1,1.0
156,3,211.8,250.37,93.55000000000001,45.44,1,1,1.0
156,6,0.0,294.97,31.5,57.829999999999984,1,1,1.0
156,7,614.55,229.84,112.35000000000002,69.41999999999999,1,1,1.0
156,8,867.55,417.12,92.45000000000005,75.64999999999998,1,1,1.0
157,3,211.8,250.37,93.55000000000001,45.44,1,1,1.0
157,6,0.0,294.97,11.0,57.829999999999984,1,1,1.0
157,7,602.08,229.85,116.81999999999994,70.35,1,1,1.0
157,8,872.0,417.12,88.0,75.64999999999998,1,1,1.0
158,3,211.8,250.37,93.55000000000001,45.44,1,1,1.0
158,7,592.28,229.85,116.82000000000005,70.35,1,1,1.0
158,8,881.8,410.9,78.20000000000005,81.87,1,1,1.0
159,3,211.8,250.37,93.55000000000001,45.44,1,1,1.0
159,7,581.32,230.83,118.15999999999997,70.35,1,1,1.0
159,8,887.59,407.6,72.31999999999994,80.0,1,1,1.0
160,3,211.8,250.37,93.55000000000001,45.44,1,1,1.0
160,7,570.35,231.82,119.50999999999999,70.35000000000002,1,1,1.0
160,8,893.38,404.3,66.44000000000005,78.13999999999999,1,1,1.0
161,3,211.8,250.37,93.55000000000001,45.44,1,1,1.0
161,7,559.39,232.8,120.85000000000002,70.34999999999997,1,1,1.0
161,8,899.17,401.0,60.56000000000006,76.26999999999998,1,1,1.0
162,3,211.8,250.37,93.55000000000001,45.44,1,1,1.0
162,7,548.43,233.79,122.19000000000005,70.34,1,1,1.0
162,8,904.96,397.7,54.67999999999995,74.40000000000003,1,1,1.0
163,3,211.8,250.37,93.55000000000001,45.44,1,1,1.0
163,7,537.47,234.77,123.52999999999997,70.35,1,1,1.0
163,8,910.75,394.4,48.799999999999955,72.54000000000002,1,1,1.0
164,3,211.8,250.37,93.55000000000001,45.44,1,1,1.0
164,7,526.51,235.75,124.87,70.35000000000002,1,1,1.0
164,8,916.54,391.1,42.92000000000007,70.66999999999996,1,1,1.0
165,3,211.8,250.37,93.55000000000001,45.44,1,1,1.0
165,7,515.55,236.74,126.21000000000004,70.34999999999997,1,1,1.0
165,8,922.33,387.8,37.049999999999955,68.80000000000001,1,1,1.0
166,3,211.8,250.37,93.55000000000001,45.44,1,1,1.0
166,7,504.59,237.72,127.55000000000001,70.35,1,1,1.0
166,8,928.12,384.5,31.16999999999996,66.93,1,1,1.0
167,3,211.8,250.37,93.55000000000001,45.44,1,1,1.0
167,7,493.63,238.7,128.89,70.35000000000002,1,1,1.0
167,8,933.91,381.2,25.290000000000077,65.07,1,1,1.0
168,3,211.8,250.37,93.55000000000001,45.44,1,1,1.0
168,7,482.67,239.69,130.22999999999996,70.35000000000002,1,1,1.0
168,8,939.7,377.9,19.409999999999968,63.200000000000045,1,1,1.0
169,3,211.8,250.37,93.55000000000001,45.44,1,1,1.0
169,7,471.98,240.58,130.23000000000002,70.35,1,1,1.0
169,8,945.0,377.9,14.110000000000014,63.200000000000045,1,1,1.0
170,3,211.8,250.37,93.55000000000001,45.44,1,1,1.0
170,7,463.07,239.69,130.22999999999996,70.35000000000002,1,1,1.0
170,8,951.2,377.9,7.909999999999968,63.200000000000045,1,1,1.0
171,3,211.8,250.37,93.55000000000001,45.44,1,1,1.0
171,7,449.7,239.69,130.22999999999996,70.35000000000002,1,1,1.0
171,8,953.0,377.9,6.110000000000014,63.200000000000045,1,1,1.0
172,3,211.8,250.37,93.55000000000001,45.44,1,1,1.0
172,7,438.1,241.5,131.10000000000002,70.33999999999997,1,1,1.0
173,3,211.8,250.37,93.55000000000001,45.44,1,1,1.0
173,7,426.42,241.14,132.07999999999998,71.33000000000004,1,1,1.0
174,3,211.8,250.37,93.55000000000001,45.44,1,1,1.0
174,7,414.74,240.78,133.06999999999994,72.30999999999997,1,1,1.0
175,3,211.8,250.37,93.55000000000001,45.44,1,1,1.0
175,7,403.06,240.42,134.05,73.28999999999999,1,1,1.0
176,3,211.8,250.37,93.55000000000001,45.44,1,1,1.0
176,7,391.38,240.06,135.03999999999996,74.27999999999997,1,1,1.0
177,3,211.8,250.37,93.55000000000001,45.44,1,1,1.0
177,7,379.7,239.7,136.02000000000004,75.25999999999999,1,1,1.0
178,3,211.8,250.37,93.55000000000001,45.44,1,1,1.0
178,7,368.02,239.34,137.01,76.23999999999998,1,1,1.0
179,3,211.8,250.37,93.55000000000001,45.44,1,1,1.0
179,7,356.34,238.98,137.99,77.22999999999999,1,1,1.0
180,3,211.8,250.37,93.55000000000001,45.44,1,1,1.0
180,7,344.66,238.62,138.97999999999996,78.20999999999998,1,1,1.0
181,3,211.8,250.37,93.55000000000001,45.44,1,1,1.0
181,7,332.98,238.27,139.95999999999998,79.17999999999998,1,1,1.0
182,3,211.8,250.37,93.55000000000001,45.44,1,1,1.0
182,7,321.3,237.91,140.94,80.16,1,1,1.0
183,3,211.8,250.37,93.55000000000001,45.44,1,1,1.0
183,7,309.71,238.46,141.5,81.04999999999998,1,1,1.0
184,3,211.8,250.37,93.55000000000001,45.44,1,1,1.0
184,7,298.12,239.02,142.07,81.92999999999998,1,1,1.0
185,3,211.8,250.37,93.55000000000001,45.44,1,1,1.0
185,7,286.54,239.57,142.62,82.82,1,1,1.0
186,3,211.8,250.37,93.55000000000001,45.44,1,1,0.0
186,7,274.95,240.13,143.18,83.69999999999999,1,1,1.0
187,3,211.8,250.37,93.55000000000001,45.44,1,1,0.0
187,7,263.36,240.68,143.74,84.58999999999997,1,1,1.0
188,3,211.8,250.37,93.55000000000001,45.44,1,1,0.0
188,7,251.77,241.24,144.29999999999998,85.46999999999997,1,1,1.0
189,3,211.8,250.37,93.55000000000001,45.44,1,1,0.0
189,7,240.19,241.8,144.85000000000002,86.34999999999997,1,1,1.0
190,3,211.8,250.37,93.55000000000001,45.44,1,1,0.0
190,7,228.6,242.35,145.41,87.23999999999998,1,1,1.0
